1 97 13 47 11 4
1 69 38 74 88 4
2 76 3 11 83 3 98 3
1 59 86 74 98 1
0 71 24 87 1
1 37 21 2 65 1
2 17 3 6 35 57 50 1
2 48 19 39 82 92 23 2
0 52 73 45 3
1 82 91 70 57 2
0 68 96 45 1
1 56 5 0 1 5
0 91 24 80 3
2 47 68 44 70 80 70 1
2 85 21 61 64 59 0 3
2 91 67 70 36 16 63 3
2 47 69 41 18 90 35 5
1 67 69 82 49 1
2 94 10 91 49 20 71 3
0 8 35 45 1
1 89 95 24 98 3
0 76 26 82 5
2 50 12 77 23 28 66 3
0 76 87 89 3
1 66 41 58 49 3
0 33 83 81 1
1 2 42 97 43 2
2 50 29 98 84 49 58 2
0 1 93 88 2
0 58 20 52 1
2 53 59 21 38 2 22 5
1 57 82 75 82 3
0 16 2 82 0
0 15 29 8 4
0 9 44 41 3
1 81 45 41 77 2
0 84 58 99 5
2 1 38 47 3 93 26 5
1 55 72 59 92 5
1 46 79 52 43 4
0 76 77 26 0
0 34 87 83 3
1 28 91 89 85 0
2 58 42 14 31 3 50 2
0 30 3 54 6
1 58 98 97 53 6
1 38 46 48 95 2
1 25 29 97 2 0
0 31 28 17 1
1 78 49 47 60 3
2 10 40 96 1 29 93 3
0 80 45 22 4
2 8 66 41 45 42 56 0
2 73 83 73 73 72 73 0
2 18 49 12 3 72 69 1
0 33 12 16 2
2 84 90 86 63 65 23 4
2 73 34 53 41 3 56 5
0 16 10 73 3
0 7 40 36 6
0 67 31 13 5
1 66 84 70 9 6
0 89 68 10 1
2 61 26 58 11 31 62 2
1 13 14 95 87 4
1 92 0 23 71 6
2 8 31 3 11 47 47 0
1 84 92 58 70 6
0 69 78 17 3
2 10 43 14 14 13 45 0
2 73 66 97 69 9 42 3
0 79 85 76 0
2 59 77 80 36 33 12 3
2 75 47 20 98 52 89 3
2 89 59 93 28 0 28 5
0 67 61 70 6
2 52 18 59 40 58 23 1
2 15 44 81 50 20 67 1
2 18 23 74 88 72 40 6
0 58 80 76 6
2 70 19 16 30 22 90 3
2 31 56 91 11 7 50 5
1 99 34 20 62 2
0 61 49 5 2
1 68 26 77 51 0
0 31 58 92 0
2 47 56 73 36 63 15 6
0 28 77 87 5
1 53 65 83 40 4
1 8 25 95 24 6
0 4 96 79 3
0 52 24 3 2
0 77 82 85 5
1 6 65 98 91 3
2 99 94 88 53 33 70 4
1 24 33 33 36 0
1 97 64 20 52 6
1 55 86 49 33 0
0 89 96 44 0
0 17 86 76 3
2 39 15 66 45 82 29 4
0 31 13 35 2
1 19 15 99 30 3
0 80 35 48 3
1 85 26 84 17 4
0 68 23 34 5
2 69 53 11 47 8 2 5
0 99 37 55 3
2 78 34 85 0 27 78 2
2 37 5 30 57 56 63 1
2 9 95 5 34 76 33 3
1 36 7 62 34 3
2 21 16 10 46 48 36 3
2 73 43 77 77 74 37 4
0 74 16 30 2
1 96 61 72 32 5
0 91 92 24 2
0 91 12 56 0
2 69 25 93 47 18 76 3
2 41 82 85 99 16 2 3
1 16 58 51 30 6
2 0 68 59 55 53 73 3
1 27 62 31 73 6
0 26 21 16 4
0 5 86 72 5
1 92 75 18 88 3
1 9 65 7 16 3
2 48 10 40 82 37 32 2
2 4 32 8 39 48 48 0
1 17 21 13 97 5
1 20 19 7 7 4
1 69 94 5 28 0
0 56 8 37 2
1 34 56 67 55 4
0 12 90 33 1
2 84 27 95 34 55 58 2
2 38 46 9 90 52 29 1
1 20 15 14 94 3
1 62 18 86 84 4
2 10 33 50 74 64 28 5
0 6 68 94 4
2 54 43 63 48 18 16 3
2 74 80 29 38 22 16 5
0 49 61 46 1
0 7 60 97 1
2 23 64 45 13 65 33 6
1 34 16 54 71 5
0 6 54 11 2
2 5 22 33 71 46 7 1
2 75 86 19 51 18 23 4
0 83 67 85 6
2 31 12 29 37 22 85 2
2 32 72 33 85 39 16 5
0 8 32 96 3
1 82 63 93 81 0
0 79 30 23 4
2 13 17 75 34 67 55 0
1 89 44 69 15 3
1 35 50 66 72 0
1 28 92 57 56 5
1 95 66 7 81 6
1 34 88 13 68 4
2 35 74 46 79 92 88 2
2 68 81 43 53 72 32 2
1 67 37 54 24 4
2 85 37 63 34 28 62 5
2 70 5 95 16 81 42 3
0 11 64 77 2
1 53 85 65 92 4
0 54 13 45 4
2 98 65 24 28 85 79 4
0 93 34 92 1
2 14 54 13 60 63 1 2
2 11 89 46 26 42 47 1
1 88 42 68 72 5
2 86 9 24 28 46 4 0
1 91 96 86 29 2
1 68 71 71 9 4
0 95 47 35 2
2 27 95 85 4 42 57 3
1 47 90 84 97 4
0 89 47 17 6
0 15 93 68 5
1 8 23 36 41 5
0 34 38 95 3
0 17 52 46 4
1 44 35 65 92 2
1 40 49 97 73 5
2 71 37 45 83 38 37 1
0 68 41 28 6
1 16 57 66 23 2
2 89 46 33 67 31 86 1
0 73 51 17 0
2 47 84 12 33 54 40 6
0 31 54 99 3
2 11 38 51 5 68 47 0
1 85 15 3 79 5
1 78 73 2 77 1
1 35 14 99 81 3
2 73 71 19 13 99 37 2
1 43 77 96 32 2
0 32 48 88 0
2 34 9 37 67 54 59 0
2 25 98 3 98 86 7 1
1 92 56 24 95 0
1 44 86 80 96 0
0 8 1 54 0
2 18 37 77 55 38 60 6
0 42 4 74 6
1 29 93 77 85 0
2 88 68 47 39 10 50 4
0 46 10 88 5
0 14 90 43 4
0 62 86 11 2
2 76 43 22 81 40 76 3
2 13 23 15 74 68 6 1
1 89 67 2 62 6
2 42 62 87 27 64 55 6
0 54 67 9 0
0 7 84 56 3
2 50 63 63 39 36 74 3
0 67 92 68 5
2 58 77 4 19 15 70 1
0 76 89 9 2
0 6 83 28 4
0 27 69 6 4
2 74 52 42 44 65 68 4
2 70 80 40 84 7 29 6
0 16 93 46 6
0 2 83 75 4
2 6 52 63 28 53 23 2
1 12 33 57 15 4
0 54 52 26 4
1 36 19 58 28 6
1 54 32 14 21 0
0 25 52 1 3
1 29 93 73 3 0
0 39 19 59 2
0 74 57 15 2
0 50 92 88 6
2 44 94 88 45 33 52 2
0 6 75 3 0
1 90 82 54 6 1
1 38 59 52 91 0
2 27 76 0 62 43 0 1
2 43 59 39 23 99 38 1
2 9 0 19 19 1 8 1
1 50 90 95 83 6
0 73 91 33 4
0 43 19 51 2
1 89 77 28 13 3
1 53 88 35 82 6
2 70 53 22 16 52 66 5
0 51 57 97 2
2 71 66 58 92 45 7 2
2 66 96 18 79 55 17 1
1 36 51 18 28 3
2 21 20 40 84 44 43 4
1 38 27 82 66 5
0 6 95 13 1
0 29 89 21 3
0 9 18 21 2
2 63 13 39 9 27 63 6
1 41 24 51 4 0
1 66 1 78 72 5
0 19 89 32 4
0 63 78 34 3
1 59 34 50 8 1
2 92 89 44 38 13 43 4
1 23 56 95 99 2
2 20 49 82 3 69 66 2
1 65 69 82 5 1
1 11 73 42 21 0
2 18 64 86 61 21 44 4
0 74 90 17 4
0 60 60 17 3
2 16 5 23 61 16 43 4
0 74 20 40 2
0 99 79 95 5
2 0 37 19 38 42 9 3
2 53 67 18 58 81 49 2
1 93 61 89 54 1
1 90 69 9 16 4
2 16 72 2 63 73 5 4
0 95 77 78 1
1 56 31 46 53 4
0 73 27 46 0
0 20 5 2 3
1 43 24 12 8 4
2 97 91 87 44 79 23 3
0 16 7 95 4
0 29 9 5 1
1 89 81 67 62 4
1 28 10 4 92 4
0 29 22 23 5
2 70 2 5 98 34 86 4
1 63 82 55 61 1
0 21 29 5 3
2 34 96 36 7 89 71 1
1 23 48 41 91 2
1 28 10 9 55 0
1 70 97 61 29 1
2 89 37 70 73 13 45 0
0 25 42 72 6
1 77 35 71 11 0
2 3 46 56 74 35 18 4
2 99 13 42 43 95 93 1
1 82 61 65 38 0
0 2 13 91 2
0 10 34 28 6
1 74 24 72 63 2
2 62 23 73 52 61 25 0
2 56 31 82 10 43 16 3
0 76 70 23 4
2 39 73 42 41 16 1 2
2 51 54 31 92 63 98 1
1 30 86 83 11 5
1 39 68 60 46 0
2 69 36 62 11 31 57 2
1 46 17 23 54 1
1 72 34 97 91 0
1 53 71 46 20 1
2 12 88 98 67 29 23 1
0 50 71 18 3
0 18 0 82 5
2 54 22 37 45 74 77 6
2 5 31 85 49 62 98 3
2 57 36 60 89 0 72 5
2 24 76 56 6 0 5 5
1 36 54 42 41 6
1 18 25 73 75 4
1 51 48 26 61 2
1 32 42 48 68 2
2 2 70 38 77 47 1 2
1 46 23 46 95 3
2 36 49 75 20 88 65 6
2 62 59 11 90 98 48 5
0 13 24 76 5
2 75 72 52 75 25 25 5
1 64 4 16 22 2
0 6 78 39 5
0 47 43 98 4
2 22 28 92 62 58 95 4
2 99 92 31 59 14 45 5
2 71 62 70 71 10 93 0
0 40 16 94 1
0 46 2 67 2
1 20 79 36 57 2
0 99 60 30 2
0 6 32 49 6
0 33 97 60 0
0 16 14 48 6
1 38 98 41 7 5
1 66 23 79 77 2
1 29 69 48 83 6
1 42 5 34 1 0
1 93 84 33 91 5
0 78 16 8 6
2 86 11 83 8 27 37 2
1 4 22 46 11 1
2 69 59 80 46 59 84 4
1 41 54 9 11 6
2 7 71 51 13 22 10 4
2 89 72 80 63 85 67 5
1 73 13 30 11 1
2 48 38 43 9 57 80 1
0 18 9 6 4
0 42 36 5 0
2 29 90 7 79 24 67 5
1 51 58 30 97 1
2 10 17 9 4 75 4 3
1 56 0 60 44 3
1 91 66 44 92 3
2 2 11 77 81 69 3 2
1 61 99 18 72 2
1 81 28 3 59 4
1 90 32 3 20 0
1 62 69 56 32 2
1 55 26 93 68 5
0 57 24 28 6
0 79 47 56 4
1 20 91 28 60 4
0 55 90 38 5
1 74 58 19 32 2
0 81 35 83 5
1 20 81 21 88 2
2 92 5 6 57 93 50 5
1 59 91 39 37 5
2 66 79 36 85 54 31 6
0 35 17 21 4
1 80 23 91 45 3
2 34 95 98 43 96 92 6
2 36 27 82 23 13 3 0
2 61 67 90 88 19 51 1
1 40 30 35 95 0
1 51 44 62 62 0
0 64 47 72 0
1 50 79 28 41 6
1 46 43 51 43 0
0 89 54 29 3
2 32 96 21 7 20 65 1
1 9 32 70 60 2
2 2 69 35 71 64 75 5
0 44 11 12 0
0 53 55 35 6
1 56 24 98 90 3
0 89 78 21 5
0 8 61 12 0
1 4 61 21 71 6
1 77 45 36 7 3
2 14 68 41 55 30 26 4
2 29 41 1 22 38 93 1
1 47 67 91 99 2
0 20 76 17 1
1 50 6 26 40 6
0 57 78 25 6
0 24 15 14 1
0 69 89 17 1
2 38 46 60 49 40 85 1
1 69 24 82 15 4
0 41 10 49 6
1 27 99 59 64 5
0 56 50 34 1
1 30 81 64 57 0
1 39 77 80 57 4
1 65 92 9 31 2
0 21 39 42 6
2 23 97 54 47 73 19 4
1 17 55 32 90 4
2 98 61 22 40 29 40 0
2 92 7 21 67 69 70 2
0 50 57 60 3
1 51 76 24 41 1
0 62 92 97 6
0 27 42 18 2
0 24 4 45 0
2 14 47 42 51 22 22 0
2 7 59 31 11 1 68 6
0 61 77 66 0
1 89 6 35 55 2
2 18 38 51 31 37 8 0
1 40 5 5 18 6
0 40 63 48 4
1 75 9 7 27 2
2 15 81 39 34 61 45 2
1 42 64 58 98 2
1 55 13 42 34 1
0 47 87 42 3
2 96 35 93 54 95 73 6
0 87 44 78 6
1 72 39 97 39 5
1 79 73 49 11 1
0 59 3 96 4
0 36 4 14 0
2 42 14 19 92 54 9 5
2 94 71 40 0 87 9 3
1 25 74 19 88 2
2 31 16 98 79 78 9 1
1 67 85 44 51 0
2 74 93 94 12 90 71 2
0 91 46 62 6
2 72 19 43 15 99 28 1
2 7 77 89 75 20 58 0
0 54 77 54 1
0 0 75 39 1
0 75 73 74 3
1 55 45 96 80 5
0 58 69 2 3
2 72 17 19 20 65 50 5
1 41 3 94 81 3
2 89 22 88 1 46 44 0
0 19 41 21 4
0 1 98 29 0
1 75 76 28 24 4
0 37 2 75 3
1 40 88 62 56 3
0 82 25 10 1
0 52 45 13 3
2 40 37 23 47 76 66 4
2 85 84 29 1 25 47 3
0 74 40 41 4
0 51 40 4 3
0 51 96 98 5
0 76 10 81 4
0 46 8 18 4
1 79 34 40 26 0
0 88 97 86 6
0 65 68 96 4
0 68 75 8 6
0 3 86 2 6
1 44 42 90 94 2
1 31 29 36 0 4
2 55 81 34 74 79 66 6
2 65 75 28 22 70 1 3
2 22 23 4 97 7 67 2
1 69 81 76 78 6
0 81 25 47 4
2 30 43 32 44 22 56 2
2 82 87 24 54 41 62 5
1 42 80 66 32 1
