1 24 86 85 74 5
2 74 85 73 69 38 23 0
1 62 26 24 65 2
2 81 66 34 31 79 37 4
1 69 49 72 31 1
1 11 28 3 35 2
0 57 85 76 2
2 6 59 14 60 31 15 6
1 76 29 53 55 3
1 92 24 65 77 6
0 74 45 13 1
0 63 38 41 0
0 22 88 17 1
1 91 63 65 89 3
0 38 18 81 1
0 28 26 23 5
1 0 3 86 90 5
0 42 82 79 0
1 46 45 78 68 6
0 18 97 75 3
1 16 84 46 50 6
2 69 31 57 52 65 39 0
1 24 82 20 16 2
2 46 91 88 21 15 3 1
2 61 90 56 52 38 16 0
2 88 54 65 58 14 54 6
1 64 66 75 30 6
0 18 75 13 6
1 81 4 48 7 6
0 32 32 8 4
2 73 98 31 14 88 26 5
2 2 90 65 91 41 75 3
2 39 39 58 73 71 17 1
0 31 74 45 2
0 14 74 43 5
0 35 91 80 6
0 78 35 50 1
0 39 63 78 3
2 37 2 67 31 62 90 6
2 35 92 22 61 97 2 3
1 42 27 86 24 6
2 46 5 11 61 65 27 3
0 17 50 39 6
2 94 90 24 57 65 55 0
2 65 12 81 65 30 32 6
1 43 40 42 18 2
0 36 40 47 5
2 53 4 17 70 60 74 0
1 81 7 85 24 4
2 57 13 53 48 53 59 4
0 57 33 22 2
0 22 92 67 2
0 34 29 32 1
2 61 66 29 85 76 68 5
1 14 80 58 21 4
2 34 86 75 50 96 35 3
0 72 82 20 4
1 54 57 59 76 3
2 33 45 33 90 65 72 2
0 47 72 95 3
2 81 39 40 46 99 80 3
2 43 6 73 44 85 85 1
0 90 75 18 5
1 18 9 2 36 5
1 71 86 49 81 6
1 15 4 23 12 2
0 2 52 30 4
1 45 71 76 66 5
0 24 95 20 5
0 74 48 39 0
1 14 77 12 81 2
2 43 93 7 96 73 58 0
1 28 35 37 87 5
0 85 63 48 3
1 63 85 20 49 6
0 80 22 41 6
1 66 50 22 27 3
2 54 22 0 43 54 63 4
2 83 30 45 56 42 17 2
2 19 42 72 38 29 84 5
2 19 95 3 39 56 61 0
2 13 75 70 56 29 39 1
0 14 72 32 6
0 24 9 43 2
1 58 27 99 91 0
0 18 89 27 3
2 78 33 22 98 20 48 1
1 99 84 31 66 2
1 0 19 69 27 2
1 46 28 0 40 5
1 96 1 86 36 1
0 23 39 21 4
0 49 30 9 2
0 83 35 2 5
1 66 62 71 3 6
2 38 62 6 29 91 90 3
0 79 22 4 1
0 49 87 30 0
1 39 10 99 25 2
1 3 62 31 87 4
2 11 64 75 13 42 48 1
2 43 69 28 80 23 48 0
0 56 16 56 2
1 40 22 27 26 5
0 71 38 38 0
0 64 83 36 4
2 94 80 32 59 41 7 1
2 25 93 36 84 29 36 1
2 53 24 65 88 33 71 1
2 5 97 58 73 33 15 3
2 91 77 32 81 43 12 4
2 7 38 19 48 40 29 6
2 48 81 38 80 1 99 6
2 2 24 43 92 98 55 2
0 82 87 0 0
1 34 16 46 82 5
1 69 54 45 67 1
0 4 15 91 2
2 61 32 92 92 10 18 3
2 1 17 77 85 30 3 2
0 44 80 23 1
0 85 0 62 5
0 17 78 92 3
2 36 17 12 75 52 99 1
1 41 53 82 39 2
2 1 65 99 78 65 6 0
2 94 37 14 26 97 59 6
1 45 91 70 87 6
0 50 29 98 1
2 3 39 94 47 56 92 0
0 31 51 67 2
1 0 67 23 59 0
0 46 24 95 4
2 88 3 43 17 58 86 5
1 57 3 57 55 1
1 75 79 77 45 4
0 30 41 5 5
1 13 12 95 38 1
2 61 84 49 87 22 23 3
2 92 2 24 6 87 33 1
0 40 74 99 4
2 75 43 76 74 29 72 4
2 30 54 19 27 60 41 3
0 21 42 48 3
1 60 29 8 78 2
1 39 38 53 56 2
2 77 60 77 79 71 60 1
2 15 94 78 78 54 55 0
2 34 78 69 34 8 63 3
0 11 19 19 4
1 12 65 39 21 6
2 79 92 74 69 60 68 1
1 5 20 19 45 5
2 96 30 5 34 45 39 6
0 73 73 27 1
1 96 12 38 68 5
0 99 7 72 5
1 38 96 28 12 2
0 52 23 39 4
2 3 13 88 68 40 51 0
1 96 45 33 93 0
2 86 93 7 19 0 27 4
1 17 10 30 68 4
2 25 72 65 59 74 35 3
0 6 73 12 4
2 85 33 9 98 94 83 4
1 55 58 77 37 0
0 78 91 40 1
2 91 85 23 58 4 36 2
0 37 30 0 3
2 69 44 15 77 23 33 6
0 78 94 14 1
0 29 69 67 6
0 72 25 52 5
1 91 28 63 1 1
0 36 80 18 6
1 1 63 83 4 0
2 59 93 25 47 42 36 1
2 88 73 43 7 8 60 5
2 71 74 81 29 35 81 4
0 64 83 49 6
1 16 3 38 39 1
0 30 13 87 4
1 48 62 11 45 0
0 2 63 99 5
2 27 80 87 50 40 17 1
2 55 46 16 77 77 11 0
0 35 84 73 6
2 98 82 39 90 30 71 4
2 47 22 2 28 87 28 4
2 43 23 38 70 59 61 4
1 99 8 16 59 3
1 44 40 68 78 4
1 42 60 57 42 1
1 28 38 68 74 4
1 24 47 71 16 4
2 85 36 34 62 71 73 3
2 96 75 55 41 73 25 6
1 91 27 63 76 6
2 30 98 62 10 56 10 3
2 23 2 24 56 44 40 2
0 12 53 36 5
2 29 12 25 87 84 49 4
0 75 49 4 0
0 36 4 39 2
0 85 21 2 4
1 31 52 66 9 4
2 75 74 67 88 51 54 1
2 9 7 70 95 98 71 4
0 39 83 48 5
0 79 4 51 6
0 43 94 90 0
1 86 12 24 25 6
0 54 69 18 1
0 43 2 32 2
2 75 15 61 88 37 87 1
0 28 83 70 0
1 59 11 94 86 0
1 51 20 35 79 6
2 75 93 96 94 23 8 5
0 44 2 33 6
2 46 78 92 74 53 47 0
2 1 62 86 52 39 82 3
2 31 84 24 87 69 86 0
0 72 30 2 2
0 85 80 43 3
1 16 40 51 78 6
1 11 20 58 47 3
2 0 59 68 48 24 42 5
1 96 9 98 62 3
0 27 61 34 1
1 1 16 72 6 2
1 15 17 95 76 0
1 8 41 43 28 0
0 95 8 42 2
1 91 11 61 53 6
2 2 14 98 68 33 65 1
2 50 93 59 40 56 58 0
2 42 50 79 10 50 24 4
0 41 1 74 2
0 51 83 2 1
2 94 26 81 97 99 39 0
0 13 63 78 2
0 76 65 24 5
1 12 38 52 60 4
0 18 33 22 3
1 99 2 73 10 4
1 26 57 1 50 2
0 68 68 39 0
0 30 15 30 4
