2 56 84 52 91 92 36 5
2 97 55 97 43 76 0 5
2 83 75 33 51 16 18 1
2 50 90 41 22 40 97 1
2 3 85 44 1 92 41 3
0 66 36 77 3
1 90 37 1 7 3
1 33 33 34 37 4
2 59 67 72 85 97 73 2
0 91 21 98 5
0 1 3 82 5
1 80 53 21 54 1
1 80 37 56 49 0
2 98 85 89 10 75 3 0
1 2 56 85 16 0
1 49 15 53 92 2
1 23 75 88 63 3
0 68 57 37 0
0 87 41 30 1
1 28 28 40 52 4
1 77 95 21 84 2
0 78 63 60 0
0 15 65 15 4
1 8 27 20 93 4
1 2 35 14 34 2
1 58 4 43 21 2
0 55 10 48 4
1 40 49 80 16 6
0 65 77 44 4
1 49 4 7 72 2
0 36 8 92 0
0 12 24 70 2
2 53 70 79 80 85 44 5
0 75 97 64 5
1 25 2 73 95 4
2 74 33 15 81 83 38 5
1 58 59 73 27 4
1 84 52 94 11 5
2 7 14 80 96 30 86 3
0 32 34 81 6
1 78 82 1 94 4
0 70 35 69 1
0 6 99 37 1
2 47 37 90 97 27 18 1
0 64 81 23 4
0 53 81 34 1
0 62 39 99 5
2 78 3 20 68 40 33 6
0 8 24 39 3
2 21 2 35 78 27 78 2
1 6 89 69 52 2
0 0 31 15 4
2 39 60 52 14 57 55 2
1 95 25 99 21 0
2 22 59 55 98 70 62 0
1 20 41 34 99 6
1 76 51 60 26 4
1 80 50 57 85 4
2 74 7 30 77 50 28 1
2 76 19 8 18 38 26 1
1 84 23 0 91 2
0 40 71 26 1
1 89 92 5 42 3
1 25 16 0 97 2
0 87 94 30 6
0 64 5 22 0
2 68 98 53 81 43 81 4
0 21 59 49 4
2 45 93 69 40 30 30 4
0 19 18 72 3
2 63 42 64 5 82 63 6
1 75 22 83 28 2
0 40 69 39 0
0 35 41 62 1
2 88 46 80 59 16 13 6
1 22 53 93 28 6
0 90 30 35 6
0 93 71 61 6
2 9 90 16 61 29 52 4
1 80 8 60 48 0
2 10 88 5 86 35 10 0
2 56 16 98 67 27 80 5
1 94 9 49 2 4
1 85 49 26 64 1
1 57 45 91 97 4
2 72 34 16 14 58 8 6
2 12 80 39 67 28 95 1
0 63 53 35 5
1 97 43 26 25 3
0 4 28 19 6
1 8 60 85 39 0
0 78 9 47 1
2 26 33 42 82 62 70 6
0 83 99 78 5
1 15 36 40 88 1
1 42 23 10 93 3
0 46 30 57 6
2 96 97 16 24 10 72 3
0 68 39 81 5
2 47 42 95 70 53 28 6
